[minimization]
gtol = 1e-13
xtol = 1e-22
ftol = 1e-13
max_nfev = 10000
max_niter = 10000
method = "dogbox"
rcond_lstsq = 1e-10
save_xin_fixb = true
freeb_max_iter = 1
freeb_bnorm_tol = 1e-05
filter_stellsym = true
objective = "freal"
resume = false
len_factor = 1.0

[physics]
igeometry = 3
nfp = 5
nvol = 3
mpol = 4
ntor = 2
lconstraint = 2
mupfits = 128
ladiabatic = 0
mupftol = 1e-12
rpol = 1.0
rtor = 1.0
lreflect = 0
lfreebound = 0
phiedge = 1.0
curtor = 0.0
curpol = 0.0
gamma = 0.0
pscale = 1.0
enforce_stell_sym = true
lrad = [8, 4, 4]
pl = [0, 0, 0]
ql = [0, 0, 0]
pr = [0, 0, 0]
qr = [0, 0, 0]
lp = [0, 0, 0]
lq = [0, 0, 0]
rp = [0, 0, 0]
rq = [0, 0, 0]
tflux = [0.015625, 0.0625, 0.140625]
pflux = [0.0, 0.01347937422250775, 0.03613584658420804]
pressure = [0.0, 0.0, 0.0]
adiabatic = [0.0, 0.0, 0.0]
mu = [-0.002027225871624738, -0.0008202202132167048, 3.765392075627538e-05]
ivolume = [-3.167540424413653e-05, -7.012322673866957e-05, -6.718151417958555e-05]
iota = [0.2711138290313091, 0.2711138290313091, 0.2727152132250473, 0.2753841868812776]
oita = [0.2711138290313091, 0.2711138290313091, 0.2727152132250473, 0.2753841868812776]
isurf = [-1.814556518857582e-06, -1.234712608875777e-05, -2.864077355506595e-05]
helicity = [1.392371211695253e-05, 1.181980792590263e-05, 3.374896838579131e-05]
rac = [-10.0, 0.0, 8.881784197001252e-16]
zas = [0.0, 0.0, 0.0]
ras = [0.0, 0.0, 0.0]
zac = [0.0, 0.0, 0.0]

[physics.rbc]
"(0, 0)" = 10.0
"(1, 0)" = 1.0
"(1, 1)" = 0.25

[physics.zbs]
"(1, 0)" = -1.0
"(1, 1)" = 0.25

[physics.rbs]

[physics.zbc]

[physics.rwc]

[physics.zws]

[physics.rws]

[physics.zwc]

[physics.vns]

[physics.bns]

[physics.vnc]

[physics.bnc]

[numeric]
linitialize = 1
lautoinitbn = 1
lzerovac = 0
ndiscrete = 2
nquad = -1
impol = -4
intor = -4
lsparse = 0
lsvdiota = 0
imethod = 3
iorder = 2
iprecon = 1
iotatol = -1.0
mregular = 4
lrzaxis = 1
ntoraxis = 3
lvcgrid = 0

[local]
linitgues = 1
lposdef = 0
maxrndgues = 1.0

[diagnostics]
odetol = 1e-07
absreq = 1e-08
relreq = 1e-08
absacc = 0.0001
epsr = 1e-08
nppts = 0
ppts = 0.0
nptrj = [3, 3, 3]
lhevalues = false
lhevectors = false
lhmatrix = true
dpp = -1
dqq = -1
lerrortype = 0
ngrid = -1
drz = 1e-05
lcheck = 7
ltiming = false
ltransform = false
fudge = 1.0
scaling = 1.0

[global]
lfindzero = 0
escale = 0.0
opsilon = 1.0
pcondense = 4.0
epsilon = 1.0
wpoloidal = 1.0
upsilon = 1.0
forcetol = 1e-12
c05xmax = 1e-06
c05xtol = 1e-12
c05factor = 0.0001
lreadgf = false
mfreeits = 0
bnstol = 1e-06
bnsblend = 0.666
gbntol = 1e-06
gbnbld = 0.666
vcasingeps = 1e-12
vcasingtol = 1e-08
vcasingits = 8
vcasingper = 1
vcnt = 256
vcnz = 256
